!
        |
   11   |
   11   |
   11   |
   11   |
   11   |
   11   |
   11   |
   11   |
   11   |
        |
        |
   11   |
   11   |
        |
        |
"
        |
  11 11 |
  11 11 |
  1  1  |
        |
        |
        |
        |
        |
        |
        |
        |
        |
        |
        |
        |
#
        |
  1 11  |
  1 11  |
 111111 |
  1 11  |
  1 11  |
  1 11  |
  1 11  |
  1 11  |
 111111 |
 111111 |
  1 11  |
  1 11  |
        |
        |
        |
$
        |
   11   |
  1111  |
 1 11 1 |
 1 11 1 |
 1111   |
  111   |
   111  |
   1111 |
 1 11 1 |
 1 11 1 |
  1111  |
   11   |
        |
        |
        |
%
        |
  1  11 |
 1 1 11 |
 1 1111 |
 1 111  |
  1111  |
   11   |
   11   |
  1111  |
  111 1 |
 1111 1 |
 11 1 1 |
 11  1  |
        |
        |
        |
&
        |
  1111  |
 11  11 |
 11  11 |
 11  11 |
 11 11  |
   11   |
 1111 1 |
 11 11  |
 11 11  |
 11 111 |
 11 111 |
  111 1 |
        |
        |
        |
'
        |
    11  |
    11  |
    1   |
        |
        |
        |
        |
        |
        |
        |
        |
        |
        |
        |
        |
(
        |
    11  |
   11   |
  11    |
  11    |
  11    |
  11    |
  11    |
  11    |
  11    |
  11    |
  11    |
  11    |
   11   |
    11  |
        |
)
        |
  11    |
   11   |
    11  |
    11  |
    11  |
    11  |
    11  |
    11  |
    11  |
    11  |
    11  |
    11  |
   11   |
  11    |
        |
*
        |
        |
        |
        |
  1 1 1 |
   111  |
    1   |
   111  |
  1 1 1 |
        |
        |
        |
        |
        |
        |
        |

+
        |
        |
        |
        |
   11   |
   11   |
 111111 |
   11   |
   11   |
        |
        |
        |
        |
        |
        |
        |
,
        |
        |
        |
        |
        |
        |
        |
        |
        |
        |
        |
   11   |
   11   |
    1   |
   1    |
        |
-
        |
        |
        |
        |
        |
        |
 111111 |
        |
        |
        |
        |
        |
        |
        |
        |
        |
.
        |
        |
        |
        |
        |
        |
        |
        |
        |
        |
        |
   11   |
   11   |
        |
        |
        |
/
        |
     11 |
     11 |
    111 |
    11  |
   111  |
   11   |
   11   |
  111   |
  11    |
 111    |
 11     |
 11     |
        |
        |
        |
0
        |
  1111  |
 11  11 |
 11  11 |
 11 111 |
 11 111 |
 111111 |
 111111 |
 111 11 |
 111 11 |
 11  11 |
 11  11 |
  1111  |
        |
        |
        |
1
        |
   11   |
  111   |
  111   |
   11   |
   11   |
   11   |
   11   |
   11   |
   11   |
   11   |
   11   |
  1111  |
        |
        |
        |
2
        |
  1111  |
 11  11 |
 11  11 |
     11 |
     11 |
    111 |
    11  |
   111  |
  111   |
 111    |
 11     |
 111111 |
        |
        |
        |
3
        |
  1111  |
 11  11 |
 11  11 |
 11  11 |
     11 |
   11   |
     11 |
     11 |
 11  11 |
 11  11 |
 11  11 |
  1111  |
        |
        |
        |
4
        |
 11  11 |
 11  11 |
 11  11 |
 11  11 |
 11  11 |
  11111 |
     11 |
     11 |
     11 |
     11 |
     11 |
     11 |
        |
        |
        |

5
        |
 111111 |
 11     |
 11     |
 11     |
 11     |
 11111  |
     11 |
     11 |
 11  11 |
 11  11 |
 11  11 |
  1111  |
        |
        |
        |
6
        |
  1111  |
 11  11 |
 11  11 |
 11     |
 11     |
 11111  |
 11  11 |
 11  11 |
 11  11 |
 11  11 |
 11  11 |
  1111  |
        |
        |
        |
7
        |
 111111 |
     11 |
     11 |
    111 |
    11  |
   111  |
   11   |
   11   |
   11   |
   11   |
   11   |
   11   |
        |
        |
        |
8
        |
  1111  |
 11  11 |
 11  11 |
 11  11 |
 11  11 |
   11   |
 11  11 |
 11  11 |
 11  11 |
 11  11 |
 11  11 |
  1111  |
        |
        |
        |
9
        |
  1111  |
 11  11 |
 11  11 |
 11  11 |
 11  11 |
  11111 |
     11 |
     11 |
     11 |
 11  11 |
 11  11 |
  1111  |
        |
        |
        |
:
        |
        |
        |
        |
   11   |
   11   |
        |
        |
   11   |
   11   |
        |
        |
        |
        |
        |
        |
;
        |
        |
        |
        |
   11   |
   11   |
        |
        |
   11   |
   11   |
    1   |
   1    |
        |
        |
        |
        |
<
        |
        |
        |
        |
    111 |
   111  |
  111   |
 111    |
  111   |
   111  |
    111 | 
        |
        |
        |
        |
        |
=
        |
        |
        |
        |
        |
        |
 111111 |
        |
 111111 |
        |
        |
        |
        |
        |
        |
        |
>
        |
        |
        |
        |
 111    |
  111   |
   111  |
    111 |
   111  |
  111   |
 111    |
        |
        |
        |
        |
        |

?
        |
  1111  |
 11  11 |
 11  11 |
 11  11 |
     11 |
    111 |
   111  |
   11   |
   11   |
        |
   11   |
   11   |
        |
        |
        |
@
        |
  1111  |
 11  11 |
 11  11 |
 11  11 |
 111111 |
 11 111 |
 11 111 |
 11 111 |
 111111 |
 11     |
 11     |
  1111  |
        |
        |
        |
A
        |
   11   |
  1111  |
 11  11 |
 11  11 |
 11  11 |
 11  11 |
 11  11 |
 11  11 |
 111111 |
 11  11 |
 11  11 |
 11  11 |
        |
        |
        |
B
        |
 11111  |
 11  11 |
 11  11 |
 11  11 |
 11  11 |
 1111   |
 11  11 |
 11  11 |
 11  11 |
 11  11 |
 11  11 |
 11111  |
        |
        |
        |
C
        |
  1111  |
 11  11 |
 11  11 |
 11     |
 11     |
 11     |
 11     |
 11     |
 11     |
 11  11 |
 11  11 |
  1111  |
        |
        |
        |
D
        |
 11111  |
 11  11 |
 11  11 |
 11  11 |
 11  11 |
 11  11 |
 11  11 |
 11  11 |
 11  11 |
 11  11 |
 11  11 |
 11111  |
        |
        |
        |
E
        |
 111111 |
 11     |
 11     |
 11     |
 11     |
 111111 |
 11     |
 11     |
 11     |
 11     |
 11     |
 111111 |
        |
        |
        |
F
        |
 111111 |
 11     |
 11     |
 11     |
 11     |
 111111 |
 11     |
 11     |
 11     |
 11     |
 11     |
 11     |
        |
        |
        |
G
        |
  1111  |
 11  11 |
 11  11 |
 11     |
 11     |
 11 111 |
 11  11 |
 11  11 |
 11  11 |
 11  11 |
 11  11 |
  1111  |
        |
        |
        |
H
        |
 11  11 |
 11  11 |
 11  11 |
 11  11 |
 11  11 |
 111111 |
 11  11 |
 11  11 |
 11  11 |
 11  11 |
 11  11 |
 11  11 |
        |
        |
        |

I
        |
  1111  |
   11   |
   11   |
   11   |
   11   |
   11   |
   11   |
   11   |
   11   |
   11   |
   11   |
  1111  |
        |
        |
        |
J
        |
     11 |
     11 |
     11 |
     11 |
     11 |
     11 |
     11 |
     11 |
 11  11 |
 11  11 |
 11  11 |
  1111  |
        |
        |
        |
K
        |
 11  11 |
 11  11 |
 11  11 |
 11  11 |
 11 11  |
 1111   |
 11 11  |
 11  11 |
 11  11 |
 11  11 |
 11  11 |
 11  11 |
        |
        |
        |
L
        |
 11     |
 11     |
 11     |
 11     |
 11     |
 11     |
 11     |
 11     |
 11     |
 11     |
 11     |
 111111 |
        |
        |
        |
M
        |
 1   11 |
 1   11 |
 11 111 |
 11 111 |
 111111 |
 111111 |
 1 1 11 |
 1 1 11 |
 1 1 11 |
 1 1 11 |
 1 1 11 |
 1 1 11 |
        |
        |
        |
N
        |
 11  11 |
 11  11 |
 111 11 |
 111 11 |
 111 11 |
 111 11 |
 11 111 |
 11 111 |
 11 111 |
 11 111 |
 11  11 |
 11  11 |
        |
        |
        |
O
        |
  1111  |
 11  11 |
 11  11 |
 11  11 |
 11  11 |
 11  11 |
 11  11 |
 11  11 |
 11  11 |
 11  11 |
 11  11 |
  1111  |
        |
        |
        |
P
        |
 11111  |
 11  11 |
 11  11 |
 11  11 |
 11  11 |
 11111  |
 11     |
 11     |
 11     |
 11     |
 11     |
 11     |
        |
        |
        |
Q
        |
  1111  |
 11  11 |
 11  11 |
 11  11 |
 11  11 |
 11  11 |
 11  11 |
 11  11 |
 111111 |
 11 111 |
 11 111 |
  11111 |
        |
        |
        |
R
        |
 11111  |
 11  11 |
 11  11 |
 11  11 |
 11  11 |
 11111  |
 11  11 |
 11  11 |
 11  11 |
 11  11 |
 11  11 |
 11  11 |
        |
        |
        |
S
        |
  1111  |
 11  11 |
 11  11 |
 11  11 |
 111    |
  111   |
   111  |
    111 |
 11  11 |
 11  11 |
 11  11 |
  1111  |
        |
        |
        |
T
        |
 111111 |
   11   |
   11   |
   11   |
   11   |
   11   |
   11   |
   11   |
   11   |
   11   |
   11   |
   11   |
        |
        |
        |
U
        |
 11  11 |
 11  11 |
 11  11 |
 11  11 |
 11  11 |
 11  11 |
 11  11 |
 11  11 |
 11  11 |
 11  11 |
 11  11 |
  1111  |
        |
        |
        |
V
        |
 11  11 |
 11  11 |
 11  11 |
 11  11 |
 11  11 |
 11  11 |
 11  11 |
 11  11 |
 11  11 |
 11  11 |
  1111  |
   11   |
        |
        |
        |
W
        |
 1   11 |
 1 1 11 |
 1 1 11 |
 1 1 11 |
 1 1 11 |
 1 1 11 |
 1 1 11 |
 1 1 11 |
 1 1 11 |
 111111 |
 11111  |
  1 1   |
        |
        |
        |
X
        |
 11  11 |
 11  11 |
 11  11 |
 11  11 |
 11  11 |
   11   |
 11  11 |
 11  11 |
 11  11 |
 11  11 |
 11  11 |
 11  11 |
        |
        |
        |
Y
        |
 11  11 |
 11  11 |
 11  11 |
 11  11 |
 11  11 |
  1111  |
   11   |
   11   |
   11   |
   11   |
   11   |
   11   |
        |
        |
        |
Z
        |
 111111 |
     11 |
     11 |
    11  |
    11  |
   11   |
   11   |
  11    |
  11    |
 11     |
 11     |
 111111 |
        |
        |
        |
[
        |
  1111  |
  11    |
  11    |
  11    |
  11    |
  11    |
  11    |
  11    |
  11    |
  11    |
  11    |
  11    |
  11    |
  1111  |
        |
\
        |
 11     |
 11     |
 111    |
  11    |
  111   |
   11   |
   11   |
   111  |
    11  |
    111 |
     11 |
     11 |
        |
        |
        |

]
        |
  1111  |
    11  |
    11  |
    11  |
    11  |
    11  |
    11  |
    11  |
    11  |
    11  |
    11  |
    11  |
    11  |
  1111  |
        |
^
        |
   11   |
  1111  |
 11  11 |
 1    1 |
        |
        |
        |
        |
        |
        |
        |
        |
        |
        |
        |
_
        |
        |
        |
        |
        |
        |
        |
        |
        |
        |
        |
        |
 111111 |
        |
        |
        |
`
        |
  111   |
   111  |
    11  |
        |
        |
        |
        |
        |
        |
        |
        |
        |
        |
        |
        |
a
        |
        |
        |
        |
  1111  |
 11  11 |
     11 |
  11111 |
 11  11 |
 11  11 |
 11  11 |
 11  11 |
  11111 |
        |
        |
        |
b
        |
        |
        |
 11     |
 11     |
 11     |
 11111  |
 11  11 |
 11  11 |
 11  11 |
 11  11 |
 11  11 |
 11111  |
        |
        |
        |
c
        |
        |
        |
        |
        |
        |
  11111 |
 11     |
 11     |
 11     |
 11     |
 11     |
  11111 |
        |
        |
        |
d
        |
        |
        |
     11 |
     11 |
     11 |
  11111 |
 11  11 |
 11  11 |
 11  11 |
 11  11 |
 11  11 |
  11111 |
        |
        |
        |
e
        |
        |
        |
        |
        |
        |
  1111  |
 11  11 |
 11  11 |
 111111 |
 11     |
 11   1 |
  1111  |
        |
        |
        |
f
        |
        |
        |
    11  |
   11 1 |
   11   |
   11   |
 111111 |
   11   |
   11   |
   11   |
   11   |
   11   |
        |
        |
        |

g
        |
        |
        |
        |
        |
        |
  111   |
 11  11 |
 11  11 |
 11  11 |
 11  11 |
  11111 |
     11 |
 11  11 |
  1111  |
        |
h
        |
        |
        |
 11     |
 11     |
 11     |
 11 11  |
 111111 |
 111 11 |
 11  11 |
 11  11 |
 11  11 |
 11  11 |
        |
        |
        |
i
        |
        |
        |
   11   |
   11   |
        |
   11   |
   11   |
   11   |
   11   |
   11   |
   11   |
   11   |
        |
        |
        |
j
        |
        |
        |
     11 |
     11 |
        |
     11 |
     11 |
     11 |
     11 |
     11 |
     11 |
     11 |
 11  11 |
  1111  |
        |
k
        |
        |
        |
 11     |
 11     |
 11     |
 11  11 |
 11  11 |
 11 111 |
 1111   |
 11 11  |
 11  11 |
 11  11 |
        |
        |
        |
l
        |
        |
        |
   11   |
   11   |
   11   |
   11   |
   11   |
   11   |
   11   |
   11   |
   11   |
   111  |
        |
        |
        |
m
        |
        |
        |
        |
        |
        |
 11 11  |
 1 1 11 |
 1 1 11 |
 1 1 11 |
 1 1 11 |
 1 1 11 |
 1 1 11 |
        |
        |
        |
n
        |
        |
        |
        |
        |
        |
 11 11  |
 111 11 |
 11  11 |
 11  11 |
 11  11 |
 11  11 |
 11  11 |
        |
        |
        |
o
        |
        |
        |
        |
        |
        |
  1111  |
 11  11 |
 11  11 |
 11  11 |
 11  11 |
 11  11 |
  1111  |
        |
        |
        |
p
        |
        |
        |
        |
        |
        |
 11111  |
 11  11 |
 11  11 |
 11  11 |
 11  11 |
 11  11 |
 11111  |
 11     |
 11     |
        |

q
        |
        |
        |
        |
        |
        |
  11111 |
 11  11 |
 11  11 |
 11  11 |
 11  11 |
 11  11 |
  11111 |
     11 |
     11 |
        |
r
        |
        |
        |
        |
        |
        |
 11 111 |
 111111 |
 111    |
 11     |
 11     |
 11     |
 11     |
        |
        |
        |
s
        |
        |
        |
        |
        |
        |
  1111  |
 111  1 |
 1111   |
  1111  |
   1111 |
 1  111 |
  1111  |
        |
        |
        |
t
        |
        |
        |
        |
        |
   11   |
   11   |
 111111 |
   11   |
   11   |
   11   |
   11   |
   11   |
        |
        |
        |
u
        |
        |
        |
        |
        |
        |
 11  11 |
 11  11 |
 11  11 |
 11  11 |
 11  11 |
 11 111 |
  11 11 |
        |
        |
        |
v
        |
        |
        |
        |
        |
        |
 11  11 |
 11  11 |
 11  11 |
 11  11 |
 11  11 |
  1111  |
   11   |
        |
        |
        |
w
        |
        |
        |
        |
        |
        |
 1   11 |
 1   11 |
 1 1 11 |
 1 1 11 |
 1 1 11 |
 1 1 11 |
 11 1   |
        |
        |
        |
x
        |
        |
        |
        |
        |
        |
 11  11 |
 11  11 |
 11  11 |
   11   |
 11  11 |
 11  11 |
 11  11 |
        |
        |
        |
y
        |
        |
        |
        |
        |
        |
 11  11 |
 11  11 |
 11  11 |
 11  11 |
 11  11 |
  11111 |
     11 |
 11  11 |
  1111  |
        |
z
        |
        |
        |
        |
        |
        |
 111111 |
     11 |
  1 11  |
   11   |
  11 1  |
 11     |
 111111 |
        |
        |
        |

{
        |
  1111  |
  11    |
  11    |
  11    |
  11    |
  11    |
 11     |
 11     |
  11    |
  11    |
  11    |
  11    |
  11    |
  1111  |
        |
|
        |
   11   |
   11   |
   11   |
   11   |
   11   |
   11   |
   11   |
   11   |
   11   |
   11   |
   11   |
   11   |
   11   |
   11   |
        |
}
        |
  1111  |
    11  |
    11  |
    11  |
    11  |
    11  |
     11 |
     11 |
    11  |
    11  |
    11  |
    11  |
    11  |
  1111  |
        |
~
        |
        |
        |
        |
        |
        |
  11    |
 1 11 1 |
    11  |
        |
        |
        |
        |
        |
        |
        |
